results <- structure(
	list(
		method = structure(
			c(1L, 1L, 1L, 1L, 1L, 1L, 1L, 1L, 1L, 1L, 2L, 2L, 2L, 2L, 2L, 2L, 2L, 2L, 2L, 2L, 2L, 2L, 2L, 2L, 2L, 2L, 2L, 2L, 2L, 3L, 3L, 3L, 3L, 3L, 3L, 3L, 3L, 3L, 3L, 3L, 3L, 3L, 3L, 3L, 3L, 3L, 3L, 4L, 4L, 4L, 4L, 4L, 4L, 4L, 4L, 4L, 4L, 4L, 4L, 4L, 4L, 4L, 4L, 4L, 4L, 5L, 5L, 5L, 5L, 5L, 5L, 5L, 5L, 5L, 5L, 5L, 5L, 5L, 5L, 5L, 5L, 5L, 5L)
			, .Label = c("dayloop2","dayloop2_A", "dayloop2_B", "dayloop2_C", "dayloop2_D")
			, class = "factor"
		)
		,method_id = c(1L, 1L, 1L, 1L, 1L, 1L, 1L, 1L, 1L, 1L, 2L, 2L, 2L, 2L, 2L, 2L, 2L, 2L, 2L, 2L, 2L, 2L, 2L, 2L, 2L, 2L, 2L, 2L, 2L, 3L, 3L, 3L, 3L, 3L, 3L, 3L, 3L, 3L, 3L, 3L, 3L, 3L, 3L, 3L, 3L, 3L, 3L, 4L, 4L, 4L, 4L, 4L, 4L, 4L, 4L, 4L, 4L, 4L, 4L, 4L, 4L, 4L, 4L, 4L, 4L, 5L, 5L, 5L, 5L, 5L, 5L, 5L, 5L, 5L, 5L, 5L, 5L, 5L, 5L, 5L, 5L, 5L, 5L)
		,i = c(1000, 2000, 3000, 4000, 5000, 6000, 7000, 8000, 9000, 10000, 1000, 2000, 3000, 4000, 5000, 6000, 7000, 8000, 9000, 10000, 20000, 30000, 40000, 50000, 60000, 70000, 80000, 90000, 1e+05, 10000, 20000, 30000, 40000, 50000, 60000, 70000, 80000, 90000, 1e+05, 150000, 250000, 350000, 450000, 550000, 650000, 750000, 850000, 10000, 20000, 30000, 40000, 50000, 60000, 70000, 80000, 90000, 1e+05, 150000, 250000, 350000, 450000, 550000, 650000, 750000, 850000, 10000, 20000, 30000, 40000, 50000, 60000, 70000, 80000, 90000, 1e+05, 150000, 250000, 350000, 450000, 550000, 650000, 750000, 850000)
		,time = c(1.19999999999999, 2.06999999999999, 3.80999999999995, 6.01999999999998, 13.79, 13.32, 21.71, 33.4, 34.85, 33.49, 0.360000000000014, 0.589999999999975, 1.00999999999999, 1.40000000000003, 1.83999999999997, 1.75999999999999, 2.02, 2.89999999999998, 2.70999999999998, 2.8, 6.96999999999997, 8.82000000000001, 14.68, 14.32, 17.98, 20.83, 28.52, 26.8, 29.78, 0.0200000000000005, 0.0500000000000007, 0.0799999999999983, 0.100000000000009, 0.120000000000005, 0.170000000000016, 0.189999999999998, 0.21999999999997, 0.169999999999959, 0.2, 0.339999999999975, 0.660000000000025, 0.920000000000016, 1.17000000000002, 1.2, 1.35, 1.81, 2.5, 0.0200000000000102, 0.0300000000000011, 0.0500000000000114, 0.0600000000000023, 0.0800000000000018, 0.0900000000000034, 0.110000000000014, 0.100000000000023, 0.139999999999986, 0.139999999999986, 0.230000000000018, 0.360000000000014, 0.54000000000002, 0.629999999999995, 0.990000000000009, 1.05999999999995, 1.08, 1.63, 0, 0.00999999999999091, 0, 0.0199999999999818, 0.0199999999999996, 0.0500000000000114, 0.0399999999999636, 0.0299999999999998, 0.0300000000000011, 0.0500000000000114, 0.0500000000000114, 0.0900000000000034, 0.130000000000024, 0.190000000000026, 0.25, 0.419999999999987, 0.359999999999999, 0.589999999999989)
	)
	, .Names = c("method", "method_id", "i", "time")
	, row.names = c(1L, 3L, 5L, 7L, 9L, 11L, 13L, 15L, 17L, 19L, 2L, 4L, 6L, 8L, 10L, 12L, 14L, 16L, 18L, 20L, 25L, 29L, 33L, 37L, 41L, 45L, 49L, 53L, 57L, 22L, 26L, 30L, 34L, 38L, 42L, 46L, 50L, 54L, 58L, 61L, 64L, 67L, 70L, 73L, 76L, 79L, 82L, 23L, 27L, 31L, 35L, 39L, 43L, 47L, 51L, 55L, 59L,62L, 65L, 68L, 71L, 74L, 77L, 80L, 83L, 24L, 28L, 32L, 36L, 40L, 44L, 48L, 52L, 56L, 60L, 63L, 66L, 69L, 72L, 75L, 78L, 81L, 84L)
	, class = "data.frame"
)
